3
1115,Giai tich,
22
1,1+1=?,10,21,3,2,D
2,1+2=?,1,9,3,4,C
3,1+3=?,10,21,3,4,D
4,1+4=?,1,5,3,4,B
5,1+5=?,0,6,3,4,B
6,1+6=?,7,21,3,4,A
7,1+7=?,1,8,3,4,B
8,1+8=?,20,25,9,4,C
9,1+9=?,40,21,3,10,D
10,2+1=?,9,21,3,4,C
11,3-3=?,0,2,1,5,A
12,1+1=?,10,21,3,2,D
13,1+2=?,1,9,3,4,C
14,1+3=?,10,21,3,4,D
15,1+4=?,1,5,3,4,B
16,1+5=?,0,6,3,4,B
17,1+6=?,7,21,3,4,A
18,1+7=?,1,8,3,4,B
19,1+8=?,20,25,9,4,C
20,1+9=?,40,21,3,10,D
21,2+1=?,9,21,3,4,C
22,3-3=?,0,2,1,5,A
1103,Dai So,
5
1,6+6=?,12,2,3,4,A
2,2+2=?,1,2,3,4,D
3,50-10,30,20,10,40,D
4,1+1=,2,4,6,5,A
5,1+1=?,1,2,3,4,D
1128,Giai tich 2,
10
1,2*1=?,1,2,3,4,B
2,2*2=?,5,9,2,4,D
3,2*3=?,10,22,6,4,C
4,2*4=?,11,32,8,4,C
5,2*5=?,0,10,3,4,B
6,2*6=?,12,21,3,4,A
7,2*7=?,1,14,3,4,B
8,2*8=?,20,25,16,4,C
9,2*9=?,40,21,3,18,D
10,2*10=?,9,21,20,4,C
